loadtype=VOLTAGE
0, 3.65
1, 3.65
2, 3.65
3, 3.65
4, 3.65
5, 3.65
6, 3.65
7, 3.65
8, 3.65
9, 3.65
10, 3.65
11, 3.65
12, 3.65
13, 3.65
14, 3.65
15, 3.65
16, 3.65
17, 3.65
18, 3.65
19, 3.65
20, 3.65
21, 3.65
22, 3.65
23, 3.65
24, 3.65
25, 3.65
26, 3.65
27, 3.65
28, 3.65
29, 3.65
30, 3.65
31, 3.65
32, 3.65
33, 3.65
34, 3.65
35, 3.65
36, 3.65
37, 3.65
38, 3.65
39, 3.65
40, 3.65
41, 3.65
42, 3.65
43, 3.65
44, 3.65
45, 3.65
46, 3.65
47, 3.65
48, 3.65
49, 3.65
50, 3.65
51, 3.65
52, 3.65
53, 3.65
54, 3.65
55, 3.65
56, 3.65
57, 3.65
58, 3.65
59, 3.65
60, 3.65
61, 3.65
62, 3.65
63, 3.65
64, 3.65
65, 3.65
66, 3.65
67, 3.65
68, 3.65
69, 3.65
70, 3.65
71, 3.65
72, 3.65
73, 3.65
74, 3.65
75, 3.65
76, 3.65
77, 3.65
78, 3.65
79, 3.65
80, 3.65
81, 3.65
82, 3.65
83, 3.65
84, 3.65
85, 3.65
86, 3.65
87, 3.65
88, 3.65
89, 3.65
90, 3.65
91, 3.65
92, 3.65
93, 3.65
94, 3.65
95, 3.65
96, 3.65
97, 3.65
98, 3.65
99, 3.65
100, 3.65
101, 3.65
102, 3.65
103, 3.65
104, 3.65
105, 3.65
106, 3.65
107, 3.65
108, 3.65
109, 3.65
110, 3.65
111, 3.65
112, 3.65
113, 3.65
114, 3.65
115, 3.65
116, 3.65
117, 3.65
118, 3.65
119, 3.65
120, 3.65
121, 3.65
122, 3.65
123, 3.65
124, 3.65
125, 3.65
126, 3.65
127, 3.65
128, 3.65
129, 3.65
130, 3.65
131, 3.65
132, 3.65
133, 3.65
134, 3.65
135, 3.65
136, 3.65
137, 3.65
138, 3.65
139, 3.65
140, 3.65
141, 3.65
142, 3.65
143, 3.65
144, 3.65
145, 3.65
146, 3.65
147, 3.65
148, 3.65
149, 3.65
150, 3.65
151, 3.65
152, 3.65
153, 3.65
154, 3.65
155, 3.65
156, 3.65
157, 3.65
158, 3.65
159, 3.65
160, 3.65
161, 3.65
162, 3.65
163, 3.65
164, 3.65
165, 3.65
166, 3.65
167, 3.65
168, 3.65
169, 3.65
170, 3.65
171, 3.65
172, 3.65
173, 3.65
174, 3.65
175, 3.65
176, 3.65
177, 3.65
178, 3.65
179, 3.65
180, 3.65
181, 3.65
182, 3.65
183, 3.65
184, 3.65
185, 3.65
186, 3.65
187, 3.65
188, 3.65
189, 3.65
190, 3.65
191, 3.65
192, 3.65
193, 3.65
194, 3.65
195, 3.65
196, 3.65
197, 3.65
198, 3.65
199, 3.65
200, 3.65
201, 3.65
202, 3.65
203, 3.65
204, 3.65
205, 3.65
206, 3.65
207, 3.65
208, 3.65
209, 3.65
210, 3.65
211, 3.65
212, 3.65
213, 3.65
214, 3.65
215, 3.65
216, 3.65
217, 3.65
218, 3.65
219, 3.65
220, 3.65
221, 3.65
222, 3.65
223, 3.65
224, 3.65
225, 3.65
226, 3.65
227, 3.65
228, 3.65
229, 3.65
230, 3.65
231, 3.65
232, 3.65
233, 3.65
234, 3.65
235, 3.65
236, 3.65
237, 3.65
238, 3.65
239, 3.65
240, 3.65
241, 3.65
242, 3.65
243, 3.65
244, 3.65
245, 3.65
246, 3.65
247, 3.65
248, 3.65
249, 3.65
250, 3.65
251, 3.65
252, 3.65
253, 3.65
254, 3.65
255, 3.65
256, 3.65
257, 3.65
258, 3.65
259, 3.65
260, 3.65
261, 3.65
262, 3.65
263, 3.65
264, 3.65
265, 3.65
266, 3.65
267, 3.65
268, 3.65
269, 3.65
270, 3.65
271, 3.65
272, 3.65
273, 3.65
274, 3.65
275, 3.65
276, 3.65
277, 3.65
278, 3.65
279, 3.65
280, 3.65
281, 3.65
282, 3.65
283, 3.65
284, 3.65
285, 3.65
286, 3.65
287, 3.65
288, 3.65
289, 3.65
290, 3.65
291, 3.65
292, 3.65
293, 3.65
294, 3.65
295, 3.65
296, 3.65
297, 3.65
298, 3.65
299, 3.65
300, 3.65
301, 3.65
302, 3.65
303, 3.65
304, 3.65
305, 3.65
306, 3.65
307, 3.65
308, 3.65
309, 3.65
310, 3.65
311, 3.65
312, 3.65
313, 3.65
314, 3.65
315, 3.65
316, 3.65
317, 3.65
318, 3.65
319, 3.65
320, 3.65
321, 3.65
322, 3.65
323, 3.65
324, 3.65
325, 3.65
326, 3.65
327, 3.65
328, 3.65
329, 3.65
330, 3.65
331, 3.65
332, 3.65
333, 3.65
334, 3.65
335, 3.65
336, 3.65
337, 3.65
338, 3.65
339, 3.65
340, 3.65
341, 3.65
342, 3.65
343, 3.65
344, 3.65
345, 3.65
346, 3.65
347, 3.65
348, 3.65
349, 3.65
350, 3.65
351, 3.65
352, 3.65
353, 3.65
354, 3.65
355, 3.65
356, 3.65
357, 3.65
358, 3.65
359, 3.65
360, 3.65
361, 3.65
362, 3.65
363, 3.65
364, 3.65
365, 3.65
366, 3.65
367, 3.65
368, 3.65
369, 3.65
370, 3.65
371, 3.65
372, 3.65
373, 3.65
374, 3.65
375, 3.65
376, 3.65
377, 3.65
378, 3.65
379, 3.65
380, 3.65
381, 3.65
382, 3.65
383, 3.65
384, 3.65
385, 3.65
386, 3.65
387, 3.65
388, 3.65
389, 3.65
390, 3.65
391, 3.65
392, 3.65
393, 3.65
394, 3.65
395, 3.65
396, 3.65
397, 3.65
398, 3.65
399, 3.65
400, 3.65
401, 3.65
402, 3.65
403, 3.65
404, 3.65
405, 3.65
406, 3.65
407, 3.65
408, 3.65
409, 3.65
410, 3.65
411, 3.65
412, 3.65
413, 3.65
414, 3.65
415, 3.65
416, 3.65
417, 3.65
418, 3.65
419, 3.65
420, 3.65
421, 3.65
422, 3.65
423, 3.65
424, 3.65
425, 3.65
426, 3.65
427, 3.65
428, 3.65
429, 3.65
430, 3.65
431, 3.65
432, 3.65
433, 3.65
434, 3.65
435, 3.65
436, 3.65
437, 3.65
438, 3.65
439, 3.65
440, 3.65
441, 3.65
442, 3.65
443, 3.65
444, 3.65
445, 3.65
446, 3.65
447, 3.65
448, 3.65
449, 3.65
450, 3.65
451, 3.65
452, 3.65
453, 3.65
454, 3.65
455, 3.65
456, 3.65
457, 3.65
458, 3.65
459, 3.65
460, 3.65
461, 3.65
462, 3.65
463, 3.65
464, 3.65
465, 3.65
466, 3.65
467, 3.65
468, 3.65
469, 3.65
470, 3.65
471, 3.65
472, 3.65
473, 3.65
474, 3.65
475, 3.65
476, 3.65
477, 3.65
478, 3.65
479, 3.65
480, 3.65
481, 3.65
482, 3.65
483, 3.65
484, 3.65
485, 3.65
486, 3.65
487, 3.65
488, 3.65
489, 3.65
490, 3.65
491, 3.65
492, 3.65
493, 3.65
494, 3.65
495, 3.65
496, 3.65
497, 3.65
498, 3.65
499, 3.65
500, 3.65
501, 3.65
502, 3.65
503, 3.65
504, 3.65
505, 3.65
506, 3.65
507, 3.65
508, 3.65
509, 3.65
510, 3.65
511, 3.65
512, 3.65
513, 3.65
514, 3.65
515, 3.65
516, 3.65
517, 3.65
518, 3.65
519, 3.65
520, 3.65
521, 3.65
522, 3.65
523, 3.65
524, 3.65
525, 3.65
526, 3.65
527, 3.65
528, 3.65
529, 3.65
530, 3.65
531, 3.65
532, 3.65
533, 3.65
534, 3.65
535, 3.65
536, 3.65
537, 3.65
538, 3.65
539, 3.65
540, 3.65
541, 3.65
542, 3.65
543, 3.65
544, 3.65
545, 3.65
546, 3.65
547, 3.65
548, 3.65
549, 3.65
550, 3.65
551, 3.65
552, 3.65
553, 3.65
554, 3.65
555, 3.65
556, 3.65
557, 3.65
558, 3.65
559, 3.65
560, 3.65
561, 3.65
562, 3.65
563, 3.65
564, 3.65
565, 3.65
566, 3.65
567, 3.65
568, 3.65
569, 3.65
570, 3.65
571, 3.65
572, 3.65
573, 3.65
574, 3.65
575, 3.65
576, 3.65
577, 3.65
578, 3.65
579, 3.65
580, 3.65
581, 3.65
582, 3.65
583, 3.65
584, 3.65
585, 3.65
586, 3.65
587, 3.65
588, 3.65
589, 3.65
590, 3.65
591, 3.65
592, 3.65
593, 3.65
594, 3.65
595, 3.65
596, 3.65
597, 3.65
598, 3.65
599, 3.65
600, 3.65
601, 3.65
602, 3.65
603, 3.65
604, 3.65
605, 3.65
606, 3.65
607, 3.65
608, 3.65
609, 3.65
610, 3.65
611, 3.65
612, 3.65
613, 3.65
614, 3.65
615, 3.65
616, 3.65
617, 3.65
618, 3.65
619, 3.65
620, 3.65
621, 3.65
622, 3.65
623, 3.65
624, 3.65
625, 3.65
626, 3.65
627, 3.65
628, 3.65
629, 3.65
630, 3.65
631, 3.65
632, 3.65
633, 3.65
634, 3.65
635, 3.65
636, 3.65
637, 3.65
638, 3.65
639, 3.65
640, 3.65
641, 3.65
642, 3.65
643, 3.65
644, 3.65
645, 3.65
646, 3.65
647, 3.65
648, 3.65
649, 3.65
650, 3.65
651, 3.65
652, 3.65
653, 3.65
654, 3.65
655, 3.65
656, 3.65
657, 3.65
658, 3.65
659, 3.65
660, 3.65
661, 3.65
662, 3.65
663, 3.65
664, 3.65
665, 3.65
666, 3.65
667, 3.65
668, 3.65
669, 3.65
670, 3.65
671, 3.65
672, 3.65
673, 3.65
674, 3.65
675, 3.65
676, 3.65
677, 3.65
678, 3.65
679, 3.65
680, 3.65
681, 3.65
682, 3.65
683, 3.65
684, 3.65
685, 3.65
686, 3.65
687, 3.65
688, 3.65
689, 3.65
690, 3.65
691, 3.65
692, 3.65
693, 3.65
694, 3.65
695, 3.65
696, 3.65
697, 3.65
698, 3.65
699, 3.65
700, 3.65
701, 3.65
702, 3.65
703, 3.65
704, 3.65
705, 3.65
706, 3.65
707, 3.65
708, 3.65
709, 3.65
710, 3.65
711, 3.65
712, 3.65
713, 3.65
714, 3.65
715, 3.65
716, 3.65
717, 3.65
718, 3.65
719, 3.65
720, 3.65
721, 3.65
722, 3.65
723, 3.65
724, 3.65
725, 3.65
726, 3.65
727, 3.65
728, 3.65
729, 3.65
730, 3.65
731, 3.65
732, 3.65
733, 3.65
734, 3.65
735, 3.65
736, 3.65
737, 3.65
738, 3.65
739, 3.65
740, 3.65
741, 3.65
742, 3.65
743, 3.65
744, 3.65
745, 3.65
746, 3.65
747, 3.65
748, 3.65
749, 3.65
750, 3.65
751, 3.65
752, 3.65
753, 3.65
754, 3.65
755, 3.65
756, 3.65
757, 3.65
758, 3.65
759, 3.65
760, 3.65
761, 3.65
762, 3.65
763, 3.65
764, 3.65
765, 3.65
766, 3.65
767, 3.65
768, 3.65
769, 3.65
770, 3.65
771, 3.65
772, 3.65
773, 3.65
774, 3.65
775, 3.65
776, 3.65
777, 3.65
778, 3.65
779, 3.65
780, 3.65
781, 3.65
782, 3.65
783, 3.65
784, 3.65
785, 3.65
786, 3.65
787, 3.65
788, 3.65
789, 3.65
790, 3.65
791, 3.65
792, 3.65
793, 3.65
794, 3.65
795, 3.65
796, 3.65
797, 3.65
798, 3.65
799, 3.65
800, 3.65
801, 3.65
802, 3.65
803, 3.65
804, 3.65
805, 3.65
806, 3.65
807, 3.65
808, 3.65
809, 3.65
810, 3.65
811, 3.65
812, 3.65
813, 3.65
814, 3.65
815, 3.65
816, 3.65
817, 3.65
818, 3.65
819, 3.65
820, 3.65
821, 3.65
822, 3.65
823, 3.65
824, 3.65
825, 3.65
826, 3.65
827, 3.65
828, 3.65
829, 3.65
830, 3.65
831, 3.65
832, 3.65
833, 3.65
834, 3.65
835, 3.65
836, 3.65
837, 3.65
838, 3.65
839, 3.65
840, 3.65
841, 3.65
842, 3.65
843, 3.65
844, 3.65
845, 3.65
846, 3.65
847, 3.65
848, 3.65
849, 3.65
850, 3.65
851, 3.65
852, 3.65
853, 3.65
854, 3.65
855, 3.65
856, 3.65
857, 3.65
858, 3.65
859, 3.65
860, 3.65
861, 3.65
862, 3.65
863, 3.65
864, 3.65
865, 3.65
866, 3.65
867, 3.65
868, 3.65
869, 3.65
870, 3.65
871, 3.65
872, 3.65
873, 3.65
874, 3.65
875, 3.65
876, 3.65
877, 3.65
878, 3.65
879, 3.65
880, 3.65
881, 3.65
882, 3.65
883, 3.65
884, 3.65
885, 3.65
886, 3.65
887, 3.65
888, 3.65
889, 3.65
890, 3.65
891, 3.65
892, 3.65
893, 3.65
894, 3.65
895, 3.65
896, 3.65
897, 3.65
898, 3.65
899, 3.65
900, 3.65
901, 3.65
902, 3.65
903, 3.65
904, 3.65
905, 3.65
906, 3.65
907, 3.65
908, 3.65
909, 3.65
910, 3.65
911, 3.65
912, 3.65
913, 3.65
914, 3.65
915, 3.65
916, 3.65
917, 3.65
918, 3.65
919, 3.65
920, 3.65
921, 3.65
922, 3.65
923, 3.65
924, 3.65
925, 3.65
926, 3.65
927, 3.65
928, 3.65
929, 3.65
930, 3.65
931, 3.65
932, 3.65
933, 3.65
934, 3.65
935, 3.65
936, 3.65
937, 3.65
938, 3.65
939, 3.65
940, 3.65
941, 3.65
942, 3.65
943, 3.65
944, 3.65
945, 3.65
946, 3.65
947, 3.65
948, 3.65
949, 3.65
950, 3.65
951, 3.65
952, 3.65
953, 3.65
954, 3.65
955, 3.65
956, 3.65
957, 3.65
958, 3.65
959, 3.65
960, 3.65
961, 3.65
962, 3.65
963, 3.65
964, 3.65
965, 3.65
966, 3.65
967, 3.65
968, 3.65
969, 3.65
970, 3.65
971, 3.65
972, 3.65
973, 3.65
974, 3.65
975, 3.65
976, 3.65
977, 3.65
978, 3.65
979, 3.65
980, 3.65
981, 3.65
982, 3.65
983, 3.65
984, 3.65
985, 3.65
986, 3.65
987, 3.65
988, 3.65
989, 3.65
990, 3.65
991, 3.65
992, 3.65
993, 3.65
994, 3.65
995, 3.65
996, 3.65
997, 3.65
998, 3.65
999, 3.65
1000, 3.65
1001, 3.65
1002, 3.65
1003, 3.65
1004, 3.65
1005, 3.65
1006, 3.65
1007, 3.65
1008, 3.65
1009, 3.65
1010, 3.65
1011, 3.65
1012, 3.65
1013, 3.65
1014, 3.65
1015, 3.65
1016, 3.65
1017, 3.65
1018, 3.65
1019, 3.65
1020, 3.65
1021, 3.65
1022, 3.65
1023, 3.65
1024, 3.65
1025, 3.65
1026, 3.65
1027, 3.65
1028, 3.65
1029, 3.65
1030, 3.65
1031, 3.65
1032, 3.65
1033, 3.65
1034, 3.65
1035, 3.65
1036, 3.65
1037, 3.65
1038, 3.65
1039, 3.65
1040, 3.65
1041, 3.65
1042, 3.65
1043, 3.65
1044, 3.65
1045, 3.65
1046, 3.65
1047, 3.65
1048, 3.65
1049, 3.65
1050, 3.65
1051, 3.65
1052, 3.65
1053, 3.65
1054, 3.65
1055, 3.65
1056, 3.65
1057, 3.65
1058, 3.65
1059, 3.65
1060, 3.65
1061, 3.65
1062, 3.65
1063, 3.65
1064, 3.65
1065, 3.65
1066, 3.65
1067, 3.65
1068, 3.65
1069, 3.65
1070, 3.65
1071, 3.65
1072, 3.65
1073, 3.65
1074, 3.65
1075, 3.65
1076, 3.65
1077, 3.65
1078, 3.65
1079, 3.65
1080, 3.65
1081, 3.65
1082, 3.65
1083, 3.65
1084, 3.65
1085, 3.65
1086, 3.65
1087, 3.65
1088, 3.65
1089, 3.65
1090, 3.65
1091, 3.65
1092, 3.65
1093, 3.65
1094, 3.65
1095, 3.65
1096, 3.65
1097, 3.65
1098, 3.65
1099, 3.65
1100, 3.65
1101, 3.65
1102, 3.65
1103, 3.65
1104, 3.65
1105, 3.65
1106, 3.65
1107, 3.65
1108, 3.65
1109, 3.65
1110, 3.65
1111, 3.65
1112, 3.65
1113, 3.65
1114, 3.65
1115, 3.65
1116, 3.65
1117, 3.65
1118, 3.65
1119, 3.65
1120, 3.65
1121, 3.65
1122, 3.65
1123, 3.65
1124, 3.65
1125, 3.65
1126, 3.65
1127, 3.65
1128, 3.65
1129, 3.65
1130, 3.65
1131, 3.65
1132, 3.65
1133, 3.65
1134, 3.65
1135, 3.65
1136, 3.65
1137, 3.65
1138, 3.65
1139, 3.65
1140, 3.65
1141, 3.65
1142, 3.65
1143, 3.65
1144, 3.65
1145, 3.65
1146, 3.65
1147, 3.65
1148, 3.65
1149, 3.65
1150, 3.65
1151, 3.65
1152, 3.65
1153, 3.65
1154, 3.65
1155, 3.65
1156, 3.65
1157, 3.65
1158, 3.65
1159, 3.65
1160, 3.65
1161, 3.65
1162, 3.65
1163, 3.65
1164, 3.65
1165, 3.65
1166, 3.65
1167, 3.65
1168, 3.65
1169, 3.65
1170, 3.65
1171, 3.65
1172, 3.65
1173, 3.65
1174, 3.65
1175, 3.65
1176, 3.65
1177, 3.65
1178, 3.65
1179, 3.65
1180, 3.65
1181, 3.65
1182, 3.65
1183, 3.65
1184, 3.65
1185, 3.65
1186, 3.65
1187, 3.65
1188, 3.65
1189, 3.65
1190, 3.65
1191, 3.65
1192, 3.65
1193, 3.65
1194, 3.65
1195, 3.65
1196, 3.65
1197, 3.65
1198, 3.65
1199, 3.65
1200, 3.65
1201, 3.65
1202, 3.65
1203, 3.65
1204, 3.65
1205, 3.65
1206, 3.65
1207, 3.65
1208, 3.65
1209, 3.65
1210, 3.65
1211, 3.65
1212, 3.65
1213, 3.65
1214, 3.65
1215, 3.65
1216, 3.65
1217, 3.65
1218, 3.65
1219, 3.65
1220, 3.65
1221, 3.65
1222, 3.65
1223, 3.65
1224, 3.65
1225, 3.65
1226, 3.65
1227, 3.65
1228, 3.65
1229, 3.65
1230, 3.65
1231, 3.65
1232, 3.65
1233, 3.65
1234, 3.65
1235, 3.65
1236, 3.65
1237, 3.65
1238, 3.65
1239, 3.65
1240, 3.65
1241, 3.65
1242, 3.65
1243, 3.65
1244, 3.65
1245, 3.65
1246, 3.65
1247, 3.65
1248, 3.65
1249, 3.65
1250, 3.65
1251, 3.65
1252, 3.65
1253, 3.65
1254, 3.65
1255, 3.65
1256, 3.65
1257, 3.65
1258, 3.65
1259, 3.65
1260, 3.65
1261, 3.65
1262, 3.65
1263, 3.65
1264, 3.65
1265, 3.65
1266, 3.65
1267, 3.65
1268, 3.65
1269, 3.65
1270, 3.65
1271, 3.65
1272, 3.65
1273, 3.65
1274, 3.65
1275, 3.65
1276, 3.65
1277, 3.65
1278, 3.65
1279, 3.65
1280, 3.65
1281, 3.65
1282, 3.65
1283, 3.65
1284, 3.65
1285, 3.65
1286, 3.65
1287, 3.65
1288, 3.65
1289, 3.65
1290, 3.65
1291, 3.65
1292, 3.65
1293, 3.65
1294, 3.65
1295, 3.65
1296, 3.65
1297, 3.65
1298, 3.65
1299, 3.65
1300, 3.65
1301, 3.65
1302, 3.65
1303, 3.65
1304, 3.65
1305, 3.65
1306, 3.65
1307, 3.65
1308, 3.65
1309, 3.65
1310, 3.65
1311, 3.65
1312, 3.65
1313, 3.65
1314, 3.65
1315, 3.65
1316, 3.65
1317, 3.65
1318, 3.65
1319, 3.65
1320, 3.65
1321, 3.65
1322, 3.65
1323, 3.65
1324, 3.65
1325, 3.65
1326, 3.65
1327, 3.65
1328, 3.65
1329, 3.65
1330, 3.65
1331, 3.65
1332, 3.65
1333, 3.65
1334, 3.65
1335, 3.65
1336, 3.65
1337, 3.65
1338, 3.65
1339, 3.65
1340, 3.65
1341, 3.65
1342, 3.65
1343, 3.65
1344, 3.65
1345, 3.65
1346, 3.65
1347, 3.65
1348, 3.65
1349, 3.65
1350, 3.65
1351, 3.65
1352, 3.65
1353, 3.65
1354, 3.65
1355, 3.65
1356, 3.65
1357, 3.65
1358, 3.65
1359, 3.65
1360, 3.65
1361, 3.65
1362, 3.65
1363, 3.65
1364, 3.65
1365, 3.65
1366, 3.65
1367, 3.65
1368, 3.65
1369, 3.65
1370, 3.65
1371, 3.65
1372, 3.65
1373, 3.65
1374, 3.65
1375, 3.65
1376, 3.65
1377, 3.65
1378, 3.65
1379, 3.65
1380, 3.65
1381, 3.65
1382, 3.65
1383, 3.65
1384, 3.65
1385, 3.65
1386, 3.65
1387, 3.65
1388, 3.65
1389, 3.65
1390, 3.65
1391, 3.65
1392, 3.65
1393, 3.65
1394, 3.65
1395, 3.65
1396, 3.65
1397, 3.65
1398, 3.65
1399, 3.65
1400, 3.65
1401, 3.65
1402, 3.65
1403, 3.65
1404, 3.65
1405, 3.65
1406, 3.65
1407, 3.65
1408, 3.65
1409, 3.65
1410, 3.65
1411, 3.65
1412, 3.65
1413, 3.65
1414, 3.65
1415, 3.65
1416, 3.65
1417, 3.65
1418, 3.65
1419, 3.65
1420, 3.65
1421, 3.65
1422, 3.65
1423, 3.65
1424, 3.65
1425, 3.65
1426, 3.65
1427, 3.65
1428, 3.65
1429, 3.65
1430, 3.65
1431, 3.65
1432, 3.65
1433, 3.65
1434, 3.65
1435, 3.65
1436, 3.65
1437, 3.65
1438, 3.65
1439, 3.65
1440, 3.65
1441, 3.65
1442, 3.65
1443, 3.65
1444, 3.65
1445, 3.65
1446, 3.65
1447, 3.65
1448, 3.65
1449, 3.65
1450, 3.65
1451, 3.65
1452, 3.65
1453, 3.65
1454, 3.65
1455, 3.65
1456, 3.65
1457, 3.65
1458, 3.65
1459, 3.65
1460, 3.65
1461, 3.65
1462, 3.65
1463, 3.65
1464, 3.65
1465, 3.65
1466, 3.65
1467, 3.65
1468, 3.65
1469, 3.65
1470, 3.65
1471, 3.65
1472, 3.65
1473, 3.65
1474, 3.65
1475, 3.65
1476, 3.65
1477, 3.65
1478, 3.65
1479, 3.65
1480, 3.65
1481, 3.65
1482, 3.65
1483, 3.65
1484, 3.65
1485, 3.65
1486, 3.65
1487, 3.65
1488, 3.65
1489, 3.65
1490, 3.65
1491, 3.65
1492, 3.65
1493, 3.65
1494, 3.65
1495, 3.65
1496, 3.65
1497, 3.65
1498, 3.65
1499, 3.65
1500, 3.65
1501, 3.65
1502, 3.65
1503, 3.65
1504, 3.65
1505, 3.65
1506, 3.65
1507, 3.65
1508, 3.65
1509, 3.65
1510, 3.65
1511, 3.65
1512, 3.65
1513, 3.65
1514, 3.65
1515, 3.65
1516, 3.65
1517, 3.65
1518, 3.65
1519, 3.65
1520, 3.65
1521, 3.65
1522, 3.65
1523, 3.65
1524, 3.65
1525, 3.65
1526, 3.65
1527, 3.65
1528, 3.65
1529, 3.65
1530, 3.65
1531, 3.65
1532, 3.65
1533, 3.65
1534, 3.65
1535, 3.65
1536, 3.65
1537, 3.65
1538, 3.65
1539, 3.65
1540, 3.65
1541, 3.65
1542, 3.65
1543, 3.65
1544, 3.65
1545, 3.65
1546, 3.65
1547, 3.65
1548, 3.65
1549, 3.65
1550, 3.65
1551, 3.65
1552, 3.65
1553, 3.65
1554, 3.65
1555, 3.65
1556, 3.65
1557, 3.65
1558, 3.65
1559, 3.65
1560, 3.65
1561, 3.65
1562, 3.65
1563, 3.65
1564, 3.65
1565, 3.65
1566, 3.65
1567, 3.65
1568, 3.65
1569, 3.65
1570, 3.65
1571, 3.65
1572, 3.65
1573, 3.65
1574, 3.65
1575, 3.65
1576, 3.65
1577, 3.65
1578, 3.65
1579, 3.65
1580, 3.65
1581, 3.65
1582, 3.65
1583, 3.65
1584, 3.65
1585, 3.65
1586, 3.65
1587, 3.65
1588, 3.65
1589, 3.65
1590, 3.65
1591, 3.65
1592, 3.65
1593, 3.65
1594, 3.65
1595, 3.65
1596, 3.65
1597, 3.65
1598, 3.65
1599, 3.65
1600, 3.65
1601, 3.65
1602, 3.65
1603, 3.65
1604, 3.65
1605, 3.65
1606, 3.65
1607, 3.65
1608, 3.65
1609, 3.65
1610, 3.65
1611, 3.65
1612, 3.65
1613, 3.65
1614, 3.65
1615, 3.65
1616, 3.65
1617, 3.65
1618, 3.65
1619, 3.65
1620, 3.65
1621, 3.65
1622, 3.65
1623, 3.65
1624, 3.65
1625, 3.65
1626, 3.65
1627, 3.65
1628, 3.65
1629, 3.65
1630, 3.65
1631, 3.65
1632, 3.65
1633, 3.65
1634, 3.65
1635, 3.65
1636, 3.65
1637, 3.65
1638, 3.65
1639, 3.65
1640, 3.65
1641, 3.65
1642, 3.65
1643, 3.65
1644, 3.65
1645, 3.65
1646, 3.65
1647, 3.65
1648, 3.65
1649, 3.65
1650, 3.65
1651, 3.65
1652, 3.65
1653, 3.65
1654, 3.65
1655, 3.65
1656, 3.65
1657, 3.65
1658, 3.65
1659, 3.65
1660, 3.65
1661, 3.65
1662, 3.65
1663, 3.65
1664, 3.65
1665, 3.65
1666, 3.65
1667, 3.65
1668, 3.65
1669, 3.65
1670, 3.65
1671, 3.65
1672, 3.65
1673, 3.65
1674, 3.65
1675, 3.65
1676, 3.65
1677, 3.65
1678, 3.65
1679, 3.65
1680, 3.65
1681, 3.65
1682, 3.65
1683, 3.65
1684, 3.65
1685, 3.65
1686, 3.65
1687, 3.65
1688, 3.65
1689, 3.65
1690, 3.65
1691, 3.65
1692, 3.65
1693, 3.65
1694, 3.65
1695, 3.65
1696, 3.65
1697, 3.65
1698, 3.65
1699, 3.65
1700, 3.65
1701, 3.65
1702, 3.65
1703, 3.65
1704, 3.65
1705, 3.65
1706, 3.65
1707, 3.65
1708, 3.65
1709, 3.65
1710, 3.65
1711, 3.65
1712, 3.65
1713, 3.65
1714, 3.65
1715, 3.65
1716, 3.65
1717, 3.65
1718, 3.65
1719, 3.65
1720, 3.65
1721, 3.65
1722, 3.65
1723, 3.65
1724, 3.65
1725, 3.65
1726, 3.65
1727, 3.65
1728, 3.65
1729, 3.65
1730, 3.65
1731, 3.65
1732, 3.65
1733, 3.65
1734, 3.65
1735, 3.65
1736, 3.65
1737, 3.65
1738, 3.65
1739, 3.65
1740, 3.65
1741, 3.65
1742, 3.65
1743, 3.65
1744, 3.65
1745, 3.65
1746, 3.65
1747, 3.65
1748, 3.65
1749, 3.65
1750, 3.65
1751, 3.65
1752, 3.65
1753, 3.65
1754, 3.65
1755, 3.65
1756, 3.65
1757, 3.65
1758, 3.65
1759, 3.65
1760, 3.65
1761, 3.65
1762, 3.65
1763, 3.65
1764, 3.65
1765, 3.65
1766, 3.65
1767, 3.65
1768, 3.65
1769, 3.65
1770, 3.65
1771, 3.65
1772, 3.65
1773, 3.65
1774, 3.65
1775, 3.65
1776, 3.65
1777, 3.65
1778, 3.65
1779, 3.65
1780, 3.65
1781, 3.65
1782, 3.65
1783, 3.65
1784, 3.65
1785, 3.65
1786, 3.65
1787, 3.65
1788, 3.65
1789, 3.65
1790, 3.65
1791, 3.65
1792, 3.65
1793, 3.65
1794, 3.65
1795, 3.65
1796, 3.65
1797, 3.65
1798, 3.65
1799, 3.65
1800, 3.65
1801, 3.65
1802, 3.65
1803, 3.65
1804, 3.65
1805, 3.65
1806, 3.65
1807, 3.65
1808, 3.65
1809, 3.65
1810, 3.65
1811, 3.65
1812, 3.65
1813, 3.65
1814, 3.65
1815, 3.65
1816, 3.65
1817, 3.65
1818, 3.65
1819, 3.65
1820, 3.65
1821, 3.65
1822, 3.65
1823, 3.65
1824, 3.65
1825, 3.65
1826, 3.65
1827, 3.65
1828, 3.65
1829, 3.65
1830, 3.65
1831, 3.65
1832, 3.65
1833, 3.65
1834, 3.65
1835, 3.65
1836, 3.65
1837, 3.65
1838, 3.65
1839, 3.65
1840, 3.65
1841, 3.65
1842, 3.65
1843, 3.65
1844, 3.65
1845, 3.65
1846, 3.65
1847, 3.65
1848, 3.65
1849, 3.65
1850, 3.65
1851, 3.65
1852, 3.65
1853, 3.65
1854, 3.65
1855, 3.65
1856, 3.65
1857, 3.65
1858, 3.65
1859, 3.65
1860, 3.65
1861, 3.65
1862, 3.65
1863, 3.65
1864, 3.65
1865, 3.65
1866, 3.65
1867, 3.65
1868, 3.65
1869, 3.65
1870, 3.65
1871, 3.65
1872, 3.65
1873, 3.65
1874, 3.65
1875, 3.65
1876, 3.65
1877, 3.65
1878, 3.65
1879, 3.65
1880, 3.65
1881, 3.65
1882, 3.65
1883, 3.65
1884, 3.65
1885, 3.65
1886, 3.65
1887, 3.65
1888, 3.65
1889, 3.65
1890, 3.65
1891, 3.65
1892, 3.65
1893, 3.65
1894, 3.65
1895, 3.65
1896, 3.65
1897, 3.65
1898, 3.65
1899, 3.65
1900, 3.65
1901, 3.65
1902, 3.65
1903, 3.65
1904, 3.65
1905, 3.65
1906, 3.65
1907, 3.65
1908, 3.65
1909, 3.65
1910, 3.65
1911, 3.65
1912, 3.65
1913, 3.65
1914, 3.65
1915, 3.65
1916, 3.65
1917, 3.65
1918, 3.65
1919, 3.65
1920, 3.65
1921, 3.65
1922, 3.65
1923, 3.65
1924, 3.65
1925, 3.65
1926, 3.65
1927, 3.65
1928, 3.65
1929, 3.65
1930, 3.65
1931, 3.65
1932, 3.65
1933, 3.65
1934, 3.65
1935, 3.65
1936, 3.65
1937, 3.65
1938, 3.65
1939, 3.65
1940, 3.65
1941, 3.65
1942, 3.65
1943, 3.65
1944, 3.65
1945, 3.65
1946, 3.65
1947, 3.65
1948, 3.65
1949, 3.65
1950, 3.65
1951, 3.65
1952, 3.65
1953, 3.65
1954, 3.65
1955, 3.65
1956, 3.65
1957, 3.65
1958, 3.65
1959, 3.65
1960, 3.65
1961, 3.65
1962, 3.65
1963, 3.65
1964, 3.65
1965, 3.65
1966, 3.65
1967, 3.65
1968, 3.65
1969, 3.65
1970, 3.65
1971, 3.65
1972, 3.65
1973, 3.65
1974, 3.65
1975, 3.65
1976, 3.65
1977, 3.65
1978, 3.65
1979, 3.65
1980, 3.65
1981, 3.65
1982, 3.65
1983, 3.65
1984, 3.65
1985, 3.65
1986, 3.65
1987, 3.65
1988, 3.65
1989, 3.65
1990, 3.65
1991, 3.65
1992, 3.65
1993, 3.65
1994, 3.65
1995, 3.65
1996, 3.65
1997, 3.65
1998, 3.65
1999, 3.65
2000, 3.65
2001, 3.65
2002, 3.65
2003, 3.65
2004, 3.65
2005, 3.65
2006, 3.65
2007, 3.65
2008, 3.65
2009, 3.65
2010, 3.65
2011, 3.65
2012, 3.65
2013, 3.65
2014, 3.65
2015, 3.65
2016, 3.65
2017, 3.65
2018, 3.65
2019, 3.65
2020, 3.65
2021, 3.65
2022, 3.65
2023, 3.65
2024, 3.65
2025, 3.65
2026, 3.65
2027, 3.65
2028, 3.65
2029, 3.65
2030, 3.65
2031, 3.65
2032, 3.65
2033, 3.65
2034, 3.65
2035, 3.65
2036, 3.65
2037, 3.65
2038, 3.65
2039, 3.65
2040, 3.65
2041, 3.65
2042, 3.65
2043, 3.65
2044, 3.65
2045, 3.65
2046, 3.65
2047, 3.65
2048, 3.65
2049, 3.65
2050, 3.65
2051, 3.65
2052, 3.65
2053, 3.65
2054, 3.65
2055, 3.65
2056, 3.65
2057, 3.65
2058, 3.65
2059, 3.65
2060, 3.65
2061, 3.65
2062, 3.65
2063, 3.65
2064, 3.65
2065, 3.65
2066, 3.65
2067, 3.65
2068, 3.65
2069, 3.65
2070, 3.65
2071, 3.65
2072, 3.65
2073, 3.65
2074, 3.65
2075, 3.65
2076, 3.65
2077, 3.65
2078, 3.65
2079, 3.65
2080, 3.65
2081, 3.65
2082, 3.65
2083, 3.65
2084, 3.65
2085, 3.65
2086, 3.65
2087, 3.65
2088, 3.65
2089, 3.65
2090, 3.65
2091, 3.65
2092, 3.65
2093, 3.65
2094, 3.65
2095, 3.65
2096, 3.65
2097, 3.65
2098, 3.65
2099, 3.65
2100, 3.65
2101, 3.65
2102, 3.65
2103, 3.65
2104, 3.65
2105, 3.65
2106, 3.65
2107, 3.65
2108, 3.65
2109, 3.65
2110, 3.65
2111, 3.65
2112, 3.65
2113, 3.65
2114, 3.65
2115, 3.65
2116, 3.65
2117, 3.65
2118, 3.65
2119, 3.65
2120, 3.65
2121, 3.65
2122, 3.65
2123, 3.65
2124, 3.65
2125, 3.65
2126, 3.65
2127, 3.65
2128, 3.65
2129, 3.65
2130, 3.65
2131, 3.65
2132, 3.65
2133, 3.65
2134, 3.65
2135, 3.65
2136, 3.65
2137, 3.65
2138, 3.65
2139, 3.65
2140, 3.65
2141, 3.65
2142, 3.65
2143, 3.65
2144, 3.65
2145, 3.65
2146, 3.65
2147, 3.65
2148, 3.65
2149, 3.65
2150, 3.65
2151, 3.65
2152, 3.65
2153, 3.65
2154, 3.65
2155, 3.65
2156, 3.65
2157, 3.65
2158, 3.65
2159, 3.65
2160, 3.65
2161, 3.65
2162, 3.65
2163, 3.65
2164, 3.65
2165, 3.65
2166, 3.65
2167, 3.65
2168, 3.65
2169, 3.65
2170, 3.65
2171, 3.65
2172, 3.65
2173, 3.65
2174, 3.65
2175, 3.65
2176, 3.65
2177, 3.65
2178, 3.65
2179, 3.65
2180, 3.65
2181, 3.65
2182, 3.65
2183, 3.65
2184, 3.65
2185, 3.65
2186, 3.65
2187, 3.65
2188, 3.65
2189, 3.65
2190, 3.65
2191, 3.65
2192, 3.65
2193, 3.65
2194, 3.65
2195, 3.65
2196, 3.65
2197, 3.65
2198, 3.65
2199, 3.65
2200, 3.65
2201, 3.65
2202, 3.65
2203, 3.65
2204, 3.65
2205, 3.65
2206, 3.65
2207, 3.65
2208, 3.65
2209, 3.65
2210, 3.65
2211, 3.65
2212, 3.65
2213, 3.65
2214, 3.65
2215, 3.65
2216, 3.65
2217, 3.65
2218, 3.65
2219, 3.65
2220, 3.65
2221, 3.65
2222, 3.65
2223, 3.65
2224, 3.65
2225, 3.65
2226, 3.65
2227, 3.65
2228, 3.65
2229, 3.65
2230, 3.65
2231, 3.65
2232, 3.65
2233, 3.65
2234, 3.65
2235, 3.65
2236, 3.65
2237, 3.65
2238, 3.65
2239, 3.65
2240, 3.65
2241, 3.65
2242, 3.65
2243, 3.65
2244, 3.65
2245, 3.65
2246, 3.65
2247, 3.65
2248, 3.65
2249, 3.65
2250, 3.65
2251, 3.65
2252, 3.65
2253, 3.65
2254, 3.65
2255, 3.65
2256, 3.65
2257, 3.65
2258, 3.65
2259, 3.65
2260, 3.65
2261, 3.65
2262, 3.65
2263, 3.65
2264, 3.65
2265, 3.65
2266, 3.65
2267, 3.65
2268, 3.65
2269, 3.65
2270, 3.65
2271, 3.65
2272, 3.65
2273, 3.65
2274, 3.65
2275, 3.65
2276, 3.65
2277, 3.65
2278, 3.65
2279, 3.65
2280, 3.65
2281, 3.65
2282, 3.65
2283, 3.65
2284, 3.65
2285, 3.65
2286, 3.65
2287, 3.65
2288, 3.65
2289, 3.65
2290, 3.65
2291, 3.65
2292, 3.65
2293, 3.65
2294, 3.65
2295, 3.65
2296, 3.65
2297, 3.65
2298, 3.65
2299, 3.65
2300, 3.65
2301, 3.65
2302, 3.65
2303, 3.65
2304, 3.65
2305, 3.65
2306, 3.65
2307, 3.65
2308, 3.65
2309, 3.65
2310, 3.65
2311, 3.65
2312, 3.65
2313, 3.65
2314, 3.65
2315, 3.65
2316, 3.65
2317, 3.65
2318, 3.65
2319, 3.65
2320, 3.65
2321, 3.65
2322, 3.65
2323, 3.65
2324, 3.65
2325, 3.65
2326, 3.65
2327, 3.65
2328, 3.65
2329, 3.65
2330, 3.65
2331, 3.65
2332, 3.65
2333, 3.65
2334, 3.65
2335, 3.65
2336, 3.65
2337, 3.65
2338, 3.65
2339, 3.65
2340, 3.65
2341, 3.65
2342, 3.65
2343, 3.65
2344, 3.65
2345, 3.65
2346, 3.65
2347, 3.65
2348, 3.65
2349, 3.65
2350, 3.65
2351, 3.65
2352, 3.65
2353, 3.65
2354, 3.65
2355, 3.65
2356, 3.65
2357, 3.65
2358, 3.65
2359, 3.65
2360, 3.65
2361, 3.65
2362, 3.65
2363, 3.65
2364, 3.65
2365, 3.65
2366, 3.65
2367, 3.65
2368, 3.65
2369, 3.65
2370, 3.65
2371, 3.65
2372, 3.65
2373, 3.65
2374, 3.65
2375, 3.65
2376, 3.65
2377, 3.65
2378, 3.65
2379, 3.65
2380, 3.65
2381, 3.65
2382, 3.65
2383, 3.65
2384, 3.65
2385, 3.65
2386, 3.65
2387, 3.65
2388, 3.65
2389, 3.65
2390, 3.65
2391, 3.65
2392, 3.65
2393, 3.65
2394, 3.65
2395, 3.65
2396, 3.65
2397, 3.65
2398, 3.65
2399, 3.65
2400, 3.65
2401, 3.65
2402, 3.65
2403, 3.65
2404, 3.65
2405, 3.65
2406, 3.65
2407, 3.65
2408, 3.65
2409, 3.65
2410, 3.65
2411, 3.65
2412, 3.65
2413, 3.65
2414, 3.65
2415, 3.65
2416, 3.65
2417, 3.65
2418, 3.65
2419, 3.65
2420, 3.65
2421, 3.65
2422, 3.65
2423, 3.65
2424, 3.65
2425, 3.65
2426, 3.65
2427, 3.65
2428, 3.65
2429, 3.65
2430, 3.65
2431, 3.65
2432, 3.65
2433, 3.65
2434, 3.65
2435, 3.65
2436, 3.65
2437, 3.65
2438, 3.65
2439, 3.65
2440, 3.65
2441, 3.65
2442, 3.65
2443, 3.65
2444, 3.65
2445, 3.65
2446, 3.65
2447, 3.65
2448, 3.65
2449, 3.65
2450, 3.65
2451, 3.65
2452, 3.65
2453, 3.65
2454, 3.65
2455, 3.65
2456, 3.65
2457, 3.65
2458, 3.65
2459, 3.65
2460, 3.65
2461, 3.65
2462, 3.65
2463, 3.65
2464, 3.65
2465, 3.65
2466, 3.65
2467, 3.65
2468, 3.65
2469, 3.65
2470, 3.65
2471, 3.65
2472, 3.65
2473, 3.65
2474, 3.65
2475, 3.65
2476, 3.65
2477, 3.65
2478, 3.65
2479, 3.65
2480, 3.65
2481, 3.65
2482, 3.65
2483, 3.65
2484, 3.65
2485, 3.65
2486, 3.65
2487, 3.65
2488, 3.65
2489, 3.65
2490, 3.65
2491, 3.65
2492, 3.65
2493, 3.65
2494, 3.65
2495, 3.65
2496, 3.65
2497, 3.65
2498, 3.65
2499, 3.65
2500, 3.65
2501, 3.65
2502, 3.65
2503, 3.65
2504, 3.65
2505, 3.65
2506, 3.65
2507, 3.65
2508, 3.65
2509, 3.65
2510, 3.65
2511, 3.65
2512, 3.65
2513, 3.65
2514, 3.65
2515, 3.65
2516, 3.65
2517, 3.65
2518, 3.65
2519, 3.65
2520, 3.65
2521, 3.65
2522, 3.65
2523, 3.65
2524, 3.65
2525, 3.65
2526, 3.65
2527, 3.65
2528, 3.65
2529, 3.65
2530, 3.65
2531, 3.65
2532, 3.65
2533, 3.65
2534, 3.65
2535, 3.65
2536, 3.65
2537, 3.65
2538, 3.65
2539, 3.65
2540, 3.65
2541, 3.65
2542, 3.65
2543, 3.65
2544, 3.65
2545, 3.65
2546, 3.65
2547, 3.65
2548, 3.65
2549, 3.65
2550, 3.65
2551, 3.65
2552, 3.65
2553, 3.65
2554, 3.65
2555, 3.65
2556, 3.65
2557, 3.65
2558, 3.65
2559, 3.65
2560, 3.65
2561, 3.65
2562, 3.65
2563, 3.65
2564, 3.65
2565, 3.65
2566, 3.65
2567, 3.65
2568, 3.65
2569, 3.65
2570, 3.65
2571, 3.65
2572, 3.65
2573, 3.65
2574, 3.65
2575, 3.65
2576, 3.65
2577, 3.65
2578, 3.65
2579, 3.65
2580, 3.65
2581, 3.65
2582, 3.65
2583, 3.65
2584, 3.65
2585, 3.65
2586, 3.65
2587, 3.65
2588, 3.65
2589, 3.65
2590, 3.65
2591, 3.65
2592, 3.65
2593, 3.65
2594, 3.65
2595, 3.65
2596, 3.65
2597, 3.65
2598, 3.65
2599, 3.65
2600, 3.65
2601, 3.65
2602, 3.65
2603, 3.65
2604, 3.65
2605, 3.65
2606, 3.65
2607, 3.65
2608, 3.65
2609, 3.65
2610, 3.65
2611, 3.65
2612, 3.65
2613, 3.65
2614, 3.65
2615, 3.65
2616, 3.65
2617, 3.65
2618, 3.65
2619, 3.65
2620, 3.65
2621, 3.65
2622, 3.65
2623, 3.65
2624, 3.65
2625, 3.65
2626, 3.65
2627, 3.65
2628, 3.65
2629, 3.65
2630, 3.65
2631, 3.65
2632, 3.65
2633, 3.65
2634, 3.65
2635, 3.65
2636, 3.65
2637, 3.65
2638, 3.65
2639, 3.65
2640, 3.65
2641, 3.65
2642, 3.65
2643, 3.65
2644, 3.65
2645, 3.65
2646, 3.65
2647, 3.65
2648, 3.65
2649, 3.65
2650, 3.65
2651, 3.65
2652, 3.65
2653, 3.65
2654, 3.65
2655, 3.65
2656, 3.65
2657, 3.65
2658, 3.65
2659, 3.65
2660, 3.65
2661, 3.65
2662, 3.65
2663, 3.65
2664, 3.65
2665, 3.65
2666, 3.65
2667, 3.65
2668, 3.65
2669, 3.65
2670, 3.65
2671, 3.65
2672, 3.65
2673, 3.65
2674, 3.65
2675, 3.65
2676, 3.65
2677, 3.65
2678, 3.65
2679, 3.65
2680, 3.65
2681, 3.65
2682, 3.65
2683, 3.65
2684, 3.65
2685, 3.65
2686, 3.65
2687, 3.65
2688, 3.65
2689, 3.65
2690, 3.65
2691, 3.65
2692, 3.65
2693, 3.65
2694, 3.65
2695, 3.65
2696, 3.65
2697, 3.65
2698, 3.65
2699, 3.65
2700, 3.65
2701, 3.65
2702, 3.65
2703, 3.65
2704, 3.65
2705, 3.65
2706, 3.65
2707, 3.65
2708, 3.65
2709, 3.65
2710, 3.65
2711, 3.65
2712, 3.65
2713, 3.65
2714, 3.65
2715, 3.65
2716, 3.65
2717, 3.65
2718, 3.65
2719, 3.65
2720, 3.65
2721, 3.65
2722, 3.65
2723, 3.65
2724, 3.65
2725, 3.65
2726, 3.65
2727, 3.65
2728, 3.65
2729, 3.65
2730, 3.65
2731, 3.65
2732, 3.65
2733, 3.65
2734, 3.65
2735, 3.65
2736, 3.65
2737, 3.65
2738, 3.65
2739, 3.65
2740, 3.65
2741, 3.65
2742, 3.65
2743, 3.65
2744, 3.65
2745, 3.65
2746, 3.65
2747, 3.65
2748, 3.65
2749, 3.65
2750, 3.65
2751, 3.65
2752, 3.65
2753, 3.65
2754, 3.65
2755, 3.65
2756, 3.65
2757, 3.65
2758, 3.65
2759, 3.65
2760, 3.65
2761, 3.65
2762, 3.65
2763, 3.65
2764, 3.65
2765, 3.65
2766, 3.65
2767, 3.65
2768, 3.65
2769, 3.65
2770, 3.65
2771, 3.65
2772, 3.65
2773, 3.65
2774, 3.65
2775, 3.65
2776, 3.65
2777, 3.65
2778, 3.65
2779, 3.65
2780, 3.65
2781, 3.65
2782, 3.65
2783, 3.65
2784, 3.65
2785, 3.65
2786, 3.65
2787, 3.65
2788, 3.65
2789, 3.65
2790, 3.65
2791, 3.65
2792, 3.65
2793, 3.65
2794, 3.65
2795, 3.65
2796, 3.65
2797, 3.65
2798, 3.65
2799, 3.65
2800, 3.65
2801, 3.65
2802, 3.65
2803, 3.65
2804, 3.65
2805, 3.65
2806, 3.65
2807, 3.65
2808, 3.65
2809, 3.65
2810, 3.65
2811, 3.65
2812, 3.65
2813, 3.65
2814, 3.65
2815, 3.65
2816, 3.65
2817, 3.65
2818, 3.65
2819, 3.65
2820, 3.65
2821, 3.65
2822, 3.65
2823, 3.65
2824, 3.65
2825, 3.65
2826, 3.65
2827, 3.65
2828, 3.65
2829, 3.65
2830, 3.65
2831, 3.65
2832, 3.65
2833, 3.65
2834, 3.65
2835, 3.65
2836, 3.65
2837, 3.65
2838, 3.65
2839, 3.65
2840, 3.65
2841, 3.65
2842, 3.65
2843, 3.65
2844, 3.65
2845, 3.65
2846, 3.65
2847, 3.65
2848, 3.65
2849, 3.65
2850, 3.65
2851, 3.65
2852, 3.65
2853, 3.65
2854, 3.65
2855, 3.65
2856, 3.65
2857, 3.65
2858, 3.65
2859, 3.65
2860, 3.65
2861, 3.65
2862, 3.65
2863, 3.65
2864, 3.65
2865, 3.65
2866, 3.65
2867, 3.65
2868, 3.65
2869, 3.65
2870, 3.65
2871, 3.65
2872, 3.65
2873, 3.65
2874, 3.65
2875, 3.65
2876, 3.65
2877, 3.65
2878, 3.65
2879, 3.65
2880, 3.65
2881, 3.65
2882, 3.65
2883, 3.65
2884, 3.65
2885, 3.65
2886, 3.65
2887, 3.65
2888, 3.65
2889, 3.65
2890, 3.65
2891, 3.65
2892, 3.65
2893, 3.65
2894, 3.65
2895, 3.65
2896, 3.65
2897, 3.65
2898, 3.65
2899, 3.65
2900, 3.65
2901, 3.65
2902, 3.65
2903, 3.65
2904, 3.65
2905, 3.65
2906, 3.65
2907, 3.65
2908, 3.65
2909, 3.65
2910, 3.65
2911, 3.65
2912, 3.65
2913, 3.65
2914, 3.65
2915, 3.65
2916, 3.65
2917, 3.65
2918, 3.65
2919, 3.65
2920, 3.65
2921, 3.65
2922, 3.65
2923, 3.65
2924, 3.65
2925, 3.65
2926, 3.65
2927, 3.65
2928, 3.65
2929, 3.65
2930, 3.65
2931, 3.65
2932, 3.65
2933, 3.65
2934, 3.65
2935, 3.65
2936, 3.65
2937, 3.65
2938, 3.65
2939, 3.65
2940, 3.65
2941, 3.65
2942, 3.65
2943, 3.65
2944, 3.65
2945, 3.65
2946, 3.65
2947, 3.65
2948, 3.65
2949, 3.65
2950, 3.65
2951, 3.65
2952, 3.65
2953, 3.65
2954, 3.65
2955, 3.65
2956, 3.65
2957, 3.65
2958, 3.65
2959, 3.65
2960, 3.65
2961, 3.65
2962, 3.65
2963, 3.65
2964, 3.65
2965, 3.65
2966, 3.65
2967, 3.65
2968, 3.65
2969, 3.65
2970, 3.65
2971, 3.65
2972, 3.65
2973, 3.65
2974, 3.65
2975, 3.65
2976, 3.65
2977, 3.65
2978, 3.65
2979, 3.65
2980, 3.65
2981, 3.65
2982, 3.65
2983, 3.65
2984, 3.65
2985, 3.65
2986, 3.65
2987, 3.65
2988, 3.65
2989, 3.65
2990, 3.65
2991, 3.65
2992, 3.65
2993, 3.65
2994, 3.65
2995, 3.65
2996, 3.65
2997, 3.65
2998, 3.65
2999, 3.65
3000, 3.65
3001, 3.65
3002, 3.65
3003, 3.65
3004, 3.65
3005, 3.65
3006, 3.65
3007, 3.65
3008, 3.65
3009, 3.65
3010, 3.65
3011, 3.65
3012, 3.65
3013, 3.65
3014, 3.65
3015, 3.65
3016, 3.65
3017, 3.65
3018, 3.65
3019, 3.65
3020, 3.65
3021, 3.65
3022, 3.65
3023, 3.65
3024, 3.65
3025, 3.65
3026, 3.65
3027, 3.65
3028, 3.65
3029, 3.65
3030, 3.65
3031, 3.65
3032, 3.65
3033, 3.65
3034, 3.65
3035, 3.65
3036, 3.65
3037, 3.65
3038, 3.65
3039, 3.65
3040, 3.65
3041, 3.65
3042, 3.65
3043, 3.65
3044, 3.65
3045, 3.65
3046, 3.65
3047, 3.65
3048, 3.65
3049, 3.65
3050, 3.65
3051, 3.65
3052, 3.65
3053, 3.65
3054, 3.65
3055, 3.65
3056, 3.65
3057, 3.65
3058, 3.65
3059, 3.65
3060, 3.65
3061, 3.65
3062, 3.65
3063, 3.65
3064, 3.65
3065, 3.65
3066, 3.65
3067, 3.65
3068, 3.65
3069, 3.65
3070, 3.65
3071, 3.65
3072, 3.65
3073, 3.65
3074, 3.65
3075, 3.65
3076, 3.65
3077, 3.65
3078, 3.65
3079, 3.65
3080, 3.65
3081, 3.65
3082, 3.65
3083, 3.65
3084, 3.65
3085, 3.65
3086, 3.65
3087, 3.65
3088, 3.65
3089, 3.65
3090, 3.65
3091, 3.65
3092, 3.65
3093, 3.65
3094, 3.65
3095, 3.65
3096, 3.65
3097, 3.65
3098, 3.65
3099, 3.65
3100, 3.65
3101, 3.65
3102, 3.65
3103, 3.65
3104, 3.65
3105, 3.65
3106, 3.65
3107, 3.65
3108, 3.65
3109, 3.65
3110, 3.65
3111, 3.65
3112, 3.65
3113, 3.65
3114, 3.65
3115, 3.65
3116, 3.65
3117, 3.65
3118, 3.65
3119, 3.65
3120, 3.65
3121, 3.65
3122, 3.65
3123, 3.65
3124, 3.65
3125, 3.65
3126, 3.65
3127, 3.65
3128, 3.65
3129, 3.65
3130, 3.65
3131, 3.65
3132, 3.65
3133, 3.65
3134, 3.65
3135, 3.65
3136, 3.65
3137, 3.65
3138, 3.65
3139, 3.65
3140, 3.65
3141, 3.65
3142, 3.65
3143, 3.65
3144, 3.65
3145, 3.65
3146, 3.65
3147, 3.65
3148, 3.65
3149, 3.65
3150, 3.65
3151, 3.65
3152, 3.65
3153, 3.65
3154, 3.65
3155, 3.65
3156, 3.65
3157, 3.65
3158, 3.65
3159, 3.65
3160, 3.65
3161, 3.65
3162, 3.65
3163, 3.65
3164, 3.65
3165, 3.65
3166, 3.65
3167, 3.65
3168, 3.65
3169, 3.65
3170, 3.65
3171, 3.65
3172, 3.65
3173, 3.65
3174, 3.65
3175, 3.65
3176, 3.65
3177, 3.65
3178, 3.65
3179, 3.65
3180, 3.65
3181, 3.65
3182, 3.65
3183, 3.65
3184, 3.65
3185, 3.65
3186, 3.65
3187, 3.65
3188, 3.65
3189, 3.65
3190, 3.65
3191, 3.65
3192, 3.65
3193, 3.65
3194, 3.65
3195, 3.65
3196, 3.65
3197, 3.65
3198, 3.65
3199, 3.65
3200, 3.65
3201, 3.65
3202, 3.65
3203, 3.65
3204, 3.65
3205, 3.65
3206, 3.65
3207, 3.65
3208, 3.65
3209, 3.65
3210, 3.65
3211, 3.65
3212, 3.65
3213, 3.65
3214, 3.65
3215, 3.65
3216, 3.65
3217, 3.65
3218, 3.65
3219, 3.65
3220, 3.65
3221, 3.65
3222, 3.65
3223, 3.65
3224, 3.65
3225, 3.65
3226, 3.65
3227, 3.65
3228, 3.65
3229, 3.65
3230, 3.65
3231, 3.65
3232, 3.65
3233, 3.65
3234, 3.65
3235, 3.65
3236, 3.65
3237, 3.65
3238, 3.65
3239, 3.65
3240, 3.65
3241, 3.65
3242, 3.65
3243, 3.65
3244, 3.65
3245, 3.65
3246, 3.65
3247, 3.65
3248, 3.65
3249, 3.65
3250, 3.65
3251, 3.65
3252, 3.65
3253, 3.65
3254, 3.65
3255, 3.65
3256, 3.65
3257, 3.65
3258, 3.65
3259, 3.65
3260, 3.65
3261, 3.65
3262, 3.65
3263, 3.65
3264, 3.65
3265, 3.65
3266, 3.65
3267, 3.65
3268, 3.65
3269, 3.65
3270, 3.65
3271, 3.65
3272, 3.65
3273, 3.65
3274, 3.65
3275, 3.65
3276, 3.65
3277, 3.65
3278, 3.65
3279, 3.65
3280, 3.65
3281, 3.65
3282, 3.65
3283, 3.65
3284, 3.65
3285, 3.65
3286, 3.65
3287, 3.65
3288, 3.65
3289, 3.65
3290, 3.65
3291, 3.65
3292, 3.65
3293, 3.65
3294, 3.65
3295, 3.65
3296, 3.65
3297, 3.65
3298, 3.65
3299, 3.65
3300, 3.65
3301, 3.65
3302, 3.65
3303, 3.65
3304, 3.65
3305, 3.65
3306, 3.65
3307, 3.65
3308, 3.65
3309, 3.65
3310, 3.65
3311, 3.65
3312, 3.65
3313, 3.65
3314, 3.65
3315, 3.65
3316, 3.65
3317, 3.65
3318, 3.65
3319, 3.65
3320, 3.65
3321, 3.65
3322, 3.65
3323, 3.65
3324, 3.65
3325, 3.65
3326, 3.65
3327, 3.65
3328, 3.65
3329, 3.65
3330, 3.65
3331, 3.65
3332, 3.65
3333, 3.65
3334, 3.65
3335, 3.65
3336, 3.65
3337, 3.65
3338, 3.65
3339, 3.65
3340, 3.65
3341, 3.65
3342, 3.65
3343, 3.65
3344, 3.65
3345, 3.65
3346, 3.65
3347, 3.65
3348, 3.65
3349, 3.65
3350, 3.65
3351, 3.65
3352, 3.65
3353, 3.65
3354, 3.65
3355, 3.65
3356, 3.65
3357, 3.65
3358, 3.65
3359, 3.65
3360, 3.65
3361, 3.65
3362, 3.65
3363, 3.65
3364, 3.65
3365, 3.65
3366, 3.65
3367, 3.65
3368, 3.65
3369, 3.65
3370, 3.65
3371, 3.65
3372, 3.65
3373, 3.65
3374, 3.65
3375, 3.65
3376, 3.65
3377, 3.65
3378, 3.65
3379, 3.65
3380, 3.65
3381, 3.65
3382, 3.65
3383, 3.65
3384, 3.65
3385, 3.65
3386, 3.65
3387, 3.65
3388, 3.65
3389, 3.65
3390, 3.65
3391, 3.65
3392, 3.65
3393, 3.65
3394, 3.65
3395, 3.65
3396, 3.65
3397, 3.65
3398, 3.65
3399, 3.65
3400, 3.65
3401, 3.65
3402, 3.65
3403, 3.65
3404, 3.65
3405, 3.65
3406, 3.65
3407, 3.65
3408, 3.65
3409, 3.65
3410, 3.65
3411, 3.65
3412, 3.65
3413, 3.65
3414, 3.65
3415, 3.65
3416, 3.65
3417, 3.65
3418, 3.65
3419, 3.65
3420, 3.65
3421, 3.65
3422, 3.65
3423, 3.65
3424, 3.65
3425, 3.65
3426, 3.65
3427, 3.65
3428, 3.65
3429, 3.65
3430, 3.65
3431, 3.65
3432, 3.65
3433, 3.65
3434, 3.65
3435, 3.65
3436, 3.65
3437, 3.65
3438, 3.65
3439, 3.65
3440, 3.65
3441, 3.65
3442, 3.65
3443, 3.65
3444, 3.65
3445, 3.65
3446, 3.65
3447, 3.65
3448, 3.65
3449, 3.65
3450, 3.65
3451, 3.65
3452, 3.65
3453, 3.65
3454, 3.65
3455, 3.65
3456, 3.65
3457, 3.65
3458, 3.65
3459, 3.65
3460, 3.65
3461, 3.65
3462, 3.65
3463, 3.65
3464, 3.65
3465, 3.65
3466, 3.65
3467, 3.65
3468, 3.65
3469, 3.65
3470, 3.65
3471, 3.65
3472, 3.65
3473, 3.65
3474, 3.65
3475, 3.65
3476, 3.65
3477, 3.65
3478, 3.65
3479, 3.65
3480, 3.65
3481, 3.65
3482, 3.65
3483, 3.65
3484, 3.65
3485, 3.65
3486, 3.65
3487, 3.65
3488, 3.65
3489, 3.65
3490, 3.65
3491, 3.65
3492, 3.65
3493, 3.65
3494, 3.65
3495, 3.65
3496, 3.65
3497, 3.65
3498, 3.65
3499, 3.65
3500, 3.65
3501, 3.65
3502, 3.65
3503, 3.65
3504, 3.65
3505, 3.65
3506, 3.65
3507, 3.65
3508, 3.65
3509, 3.65
3510, 3.65
3511, 3.65
3512, 3.65
3513, 3.65
3514, 3.65
3515, 3.65
3516, 3.65
3517, 3.65
3518, 3.65
3519, 3.65
3520, 3.65
3521, 3.65
3522, 3.65
3523, 3.65
3524, 3.65
3525, 3.65
3526, 3.65
3527, 3.65
3528, 3.65
3529, 3.65
3530, 3.65
3531, 3.65
3532, 3.65
3533, 3.65
3534, 3.65
3535, 3.65
3536, 3.65
3537, 3.65
3538, 3.65
3539, 3.65
3540, 3.65
3541, 3.65
3542, 3.65
3543, 3.65
3544, 3.65
3545, 3.65
3546, 3.65
3547, 3.65
3548, 3.65
3549, 3.65
3550, 3.65
3551, 3.65
3552, 3.65
3553, 3.65
3554, 3.65
3555, 3.65
3556, 3.65
3557, 3.65
3558, 3.65
3559, 3.65
3560, 3.65
3561, 3.65
3562, 3.65
3563, 3.65
3564, 3.65
3565, 3.65
3566, 3.65
3567, 3.65
3568, 3.65
3569, 3.65
3570, 3.65
3571, 3.65
3572, 3.65
3573, 3.65
3574, 3.65
3575, 3.65
3576, 3.65
3577, 3.65
3578, 3.65
3579, 3.65
3580, 3.65
3581, 3.65
3582, 3.65
3583, 3.65
3584, 3.65
3585, 3.65
3586, 3.65
3587, 3.65
3588, 3.65
3589, 3.65
3590, 3.65
3591, 3.65
3592, 3.65
3593, 3.65
3594, 3.65
3595, 3.65
3596, 3.65
3597, 3.65
3598, 3.65
3599, 3.65
3600, 3.65
